AFRI: 1001, 1002, 2001 
ALDS: 1001, 2201, 2202, 2203, 2701, 2705 
ANTH: 1001, 1002, 2020, 2040, 2550, 2610, 2620, 2630, 2640, 2670, 2850 
ARTH: 1100, 1101, 1105, 1200, 1201, 2002, 2006, 2007, 2102, 2202, 2310, 2405, 2510, 2600, 2601, 2610 
BUSI: 2101 
CDNS: 1101, 2000, 2300, 2400 
CGSC: 1001, 2001 
CHST: 1000, 1002 
CLCV: 1002, 1003, 1008, 1009, 2008, 2010, 2103, 2104, 2303, 2405, 2902, 2903, 2904, 2905, 2906 
CRCJ: 1000 
ENGL: 2005, 2011, 2100, 2102, 2103, 2107, 2108, 2109, 2605, 2607, 2700, 2701, 2900, 2908, 2926, 2937, 2957 
ENST: 1001, 1020 
ERTH: 2402 
EURR: 2001, 2002 
FILM: 2101, 2106, 2201, 2401, 2601 
GEOG: 1020, 2200, 2300, 2400, 2500, 2600 
HIST: 2001, 2002, 2103, 2308, 2309, 2311, 2401, 2402, 2501, 2506, 2510, 2511, 2706, 2707, 2710, 2802, 2803, 2809, 2902, 2903, 2904, 2905, 2910 
HUMR: 2001, 2202, 2401, 2402, 2502 
INDG: 2010, 2011 
JOUR: 2106 
LACS: 1001, 1002 
LAWS: 2105, 2201, 2202, 2301, 2302, 2501, 2502, 2601 
LING: 1100, 2504, 2604 
MUSI: 1001, 1002, 2005, 2007, 2008, 2009, 2100, 2101, 2105 
PADM: 1501 
PHIL: 1000, 1200, 1301, 1700, 2001, 2003, 2101, 2103, 2380, 2408, 2501, 2504, 2540, 2550, 2601, 2700, 2807, 2900 
PSCI: 1100, 1200, 2002, 2003, 2101, 2102, 2200, 2401, 2500, 2601, 2602 
PSYC: 2003 
RELI: 1710, 1716, 1730, 1731, 2110, 2210, 2220, 2310, 2330, 2410, 2510, 2515, 2535, 2732, 2735, 2736, 2737, 2738, 2840, 2842, 2843 
SOCI: 1001, 1002, 2010, 2020, 2043, 2045, 2050, 2150, 2160, 2445, 2450 
TSES: 3001, 3002, 4011, 4012, 4014 
WGST: 2800, 2801, 2803, 2807, 2811, 2814
ANTH: 2001 
CDNS: 1000 
CLCV: 2000
ENGL: 1000, 2007, 2300, 2608, 2802
ENST: 1001 
FILM: 1000, 2000, 2209, 2608 
FREN: 2201
HIST: 1001, 1002, 1300, 1707, 2005, 2303, 2304, 2600, 2806 
HUMR: 1001 
INDG: 1000 
LAWS: 1000
PHIL: 1600, 2004, 2900
PSCI: 2300 
SOCI : 2005 
SOWK: 1000 
WGST: 1808